KDE RGB Palette
#
128 167 178 
162 212 225 
0 16 21 
0 36 46 
50 57 58 
113 128 130 
2 17 21 
7 59 73 
0 13 17 
0 36 46 
1 8 10 
5 42 52 
0 0 0 
0 40 51 
30 178 161 
255 83 253 
104 124 127 
41 85 87 
61 127 130 
255 255 144 
153 255 255 
111 185 185 
60 185 185 
85 11 11 
33 21 85 
159 45 45 
108 35 35 
255 84 84 
255 151 151 
255 85 85 
54 15 15 
153 43 43 
88 29 29 
191 63 63 
101 101 57 
196 196 111 
255 255 144 
214 220 26 
220 195 29 
213 220 81 
0 0 0 
219 73 73 
43 43 178 
117 244 249 
40 85 87 
120 250 255 
38 80 82 
55 114 117 
58 185 63 
185 0 0 
50 185 185 
98 204 209 
37 78 80 
11 70 63 
32 117 117 
184 241 255 
52 191 191 
88 185 190 
73 163 141 
146 77 163 
193 102 216 
70 255 255 
55 255 0 
0 204 255 
0 255 209 
0 255 251 
255 255 255 
255 255 255 
255 255 255 
143 143 143 
235 235 235 
219 219 219 
